
addEvents: 
events added 
winCreated
win.pnl0
onMove
showButtons
on Activate:
 firstResz: 0
win.fl
addingResize:
      ({w:520, h:280, stick:true})
on Activate:
 firstResz: 1
buttonStick :: draW
[[11.3333333333333, 0], [45.6666666666667, 0], [47.2324461008806, 0.09364612157956], [48.7794252759821, 0.35419683977039], [50.2923268055892, 0.76913882730912], [51.7530357140731, 1.34095899493793], [53.1354458092325, 2.08171989948644], [54.3997837128037, 3.00891815288273], [55.4871844496073, 4.13738628373378], [56.3218237357285, 5.46274979283222], [56.8341683103744, 6.94244445659384], [57, 8.5], [57, 8.5], [56.8341683103744, 10.0575555434062], [56.3218237357284, 11.5372502071678], [55.4871844496073, 12.8626137162662], [54.3997837128037, 13.9910818471173], [53.1354458092324, 14.9182801005136], [51.7530357140731, 15.6590410050621], [50.2923268055891, 16.2308611726909], [48.7794252759821, 16.6458031602296], [47.2324461008806, 16.9063538784204], [45.6666666666667, 17], [11.3333333333333, 17], [9.76755389911943, 16.9063538784204], [8.22057472401791, 16.6458031602296], [6.70767319441085, 16.2308611726909], [5.24696428592692, 15.6590410050621], [3.86455419076755, 14.9182801005136], [2.60021628719625, 13.9910818471173], [1.51281555039269, 12.8626137162662], [0.67817626427154, 11.5372502071678], [0.16583168962565, 10.0575555434062], [2.51449413539197e-31, 8.5], [0, 8.5], [0.16583168962565, 6.94244445659384], [0.67817626427154, 5.46274979283222], [1.51281555039269, 4.13738628373378], [2.60021628719626, 3.00891815288274], [3.86455419076755, 2.08171989948644], [5.24696428592692, 1.34095899493793], [6.70767319441085, 0.76913882730912], [8.2205747240179, 0.35419683977039], [9.76755389911942, 0.09364612157956], [11.3333333333333, 9.42935300771991e-32]]
000000
addButtons
onMove
showButtons
pressed key:::
pressed keyStr::: ESCAPE
pressed key:::
pressed keyStr::: ESCAPE
onClose